lastAccountName: FarisNyanNyan
timestamps:
  login: 1573620221446
  kits:
    firework: 1573620268918
    color: 1573620259693
    notch: 1573620244379
    dtools: 1573620265732
    tools: 1573620241215
  logout: 1573620368290
ipAddress: 98.234.124.4
logoutlocation:
  world: 3d4h
  x: 295.5291096772744
  y: 71.0
  z: -229.93654800819624
  yaw: 250.20502
  pitch: 19.79999
