lastAccountName: MTL_Anthrax
timestamps:
  login: 1573877638428
  kits:
    notch: 1573877667285
    dtools: 1573879455847
    tools: 1573879460249
  logout: 1573880103651
ipAddress: 198.46.15.26
logoutlocation:
  world: 3d4h
  x: 384.8545991018703
  y: 70.0
  z: -330.30000001192093
  yaw: 86.85278
  pitch: 32.250088
