lastAccountName: XBloodyWolvesX
timestamps:
  login: 1573624955599
  lastteleport: 1573592347564
  kits:
    firework: 1573590712491
    color: 1573403854775
    notch: 1573403845071
    pvp: 1573592317307
    dtools: 1573591461132
    tools: 1573403821076
  logout: 1573625982120
ipAddress: 98.248.91.57
lastlocation:
  world: 3d4h
  x: 304.07899485729513
  y: 70.0
  z: -219.56605874934056
  yaw: 11.372528
  pitch: 13.947813
logoutlocation:
  world: 3d4h
  x: 307.9976369158864
  y: 60.33115302217345
  z: -6.358841115792798
  yaw: 133.79358
  pitch: -4.028047
afk: false
