lastAccountName: RAZORCLAWTURBO
timestamps:
  login: 1574122696532
  logout: 1574124287653
ipAddress: 198.148.71.65
lastlocation:
  world: 3d4h
  x: 280.1427903029086
  y: 72.0
  z: -205.80664678754496
  yaw: -52.99025
  pitch: 1.0559378
logoutlocation:
  world: 3d4h
  x: 253.1505770487584
  y: 66.0
  z: -283.56995013756034
  yaw: 189.47641
  pitch: 46.42435
