lastAccountName: SaucyGamer
timestamps:
  login: 1574200515001
  logout: 1574200697119
ipAddress: 162.199.93.51
logoutlocation:
  world: 3d4h
  x: 598.3000000119209
  y: 11.0
  z: -445.69999998807907
  yaw: 124.52954
  pitch: 8.982666
lastlocation:
  world: 3d4h
  x: 433.7796657005214
  y: 68.0
  z: -330.2488152362728
  yaw: -71.69826
  pitch: 28.347898
