lastAccountName: ZatchZ
timestamps:
  login: 1575587718578
  logout: 1575590160097
ipAddress: 192.168.1.226
logoutlocation:
  world: world
  x: 306.31756316728445
  y: 63.0
  z: -218.68121753911524
  yaw: -135.50635
  pitch: 34.94917
lastlocation:
  world: world
  x: 307.5261252867855
  y: 64.0
  z: -158.61695537851946
  yaw: -109.050446
  pitch: 14.250055
afk: false
