lastAccountName: ProLodeStar15
timestamps:
  login: 1575524227168
  logout: 1575524375106
ipAddress: 67.170.222.45
logoutlocation:
  world: world
  x: 307.63710892531367
  y: 64.0
  z: -161.55461050394968
  yaw: 340.3487
  pitch: 19.050104
