lastAccountName: Fable5aka
timestamps:
  login: 1575337561776
  lastteleport: 1575191941452
  logout: 1575329830587
  kits:
    wand: 1575272852557
ipAddress: 98.248.91.57
lastlocation:
  world: world
  x: 259.8087678675377
  y: 100.26633549093731
  z: -134.3778713288525
  yaw: 206.69177
  pitch: 18.45234
logoutlocation:
  world: world
  x: 320.94271880242997
  y: 61.0
  z: -172.92132732489833
  yaw: -157.92432
  pitch: 37.016754
