lastAccountName: ZatchZ
timestamps:
  login: 1575188887495
  logout: 1575188757896
  lastteleport: 1575190868807
ipAddress: 192.168.1.254
logoutlocation:
  world: world_nether
  x: 40.5976814066925
  y: 72.0
  z: -34.59226473270358
  yaw: -117.85388
  pitch: 54.119164
afk: false
lastlocation:
  world: world
  x: 303.9651438535894
  y: 64.0
  z: -157.4381026217627
  yaw: -65.82587
  pitch: 23.399845
unlimited:
- !!org.bukkit.Material 'OAK_BOAT'
