lastAccountName: Pronav5000
timestamps:
  login: 1573673466905
  logout: 1573673697310
ipAddress: 198.148.71.65
logoutlocation:
  world: 3d4h
  x: 292.4205573900094
  y: 68.0
  z: -228.57478514558446
  yaw: -96.1499
  pitch: 46.5
