lastAccountName: ThanosBro
timestamps:
  login: 1573367311830
  logout: 1573350625146
ipAddress: 98.234.122.75
geolocation: United States
logoutlocation:
  world: 3d4h
  x: 299.74229738239654
  y: 70.0
  z: -227.05551702666452
  yaw: 64.35303
  pitch: 39.300026
