lastAccountName: Ervoe
timestamps:
  login: 1574119508667
  logout: 1574120002152
ipAddress: 198.148.71.65
logoutlocation:
  world: 3d4h
  x: 299.30000001192093
  y: 70.0
  z: -226.69999998807907
  yaw: 94.22299
  pitch: 22.713333
