lastAccountName: wojtexu
timestamps:
  login: 1574123259452
  logout: 1574124290505
ipAddress: 198.148.71.65
logoutlocation:
  world: 3d4h
  x: 334.55014464131864
  y: 69.0
  z: -174.25747722146033
  yaw: -181.65039
  pitch: 60.000057
