lastAccountName: Acraft125
timestamps:
  login: 1574123251845
  logout: 1574126665651
  kits:
    firework: 1573427445076
    color: 1573427501023
    notch: 1573427423988
    pvp: 1573427525586
    dtools: 1573427463729
    tools: 1573427434797
ipAddress: 73.93.168.200
logoutlocation:
  world: 3d4h
  x: 1017.3202327265874
  y: 71.0
  z: 631.3072129257639
  yaw: -17.349396
  pitch: 20.850197
lastlocation:
  world: 3d4h
  x: 1023.7020244804457
  y: 70.0
  z: 634.985367934617
  yaw: -136.1029
  pitch: -14.400082
