lastAccountName: cybertron14
timestamps:
  login: 1574122656496
  logout: 1574124280758
ipAddress: 24.51.18.137
logoutlocation:
  world: 3d4h
  x: 318.2046738386546
  y: 69.0
  z: -168.66019457677385
  yaw: 311.8369
  pitch: 20.549875
