lastAccountName: ZatchZ
timestamps:
  login: 1575337537982
  logout: 1575320459438
ipAddress: 192.168.1.226
logoutlocation:
  world: world
  x: 308.1120830758505
  y: 64.0
  z: -157.50518120428967
  yaw: 342.89783
  pitch: 54.15044
lastlocation:
  world: world_nether
  x: 0.9873017502474042
  y: 68.0
  z: -34.78450345728517
  yaw: -27.08906
  pitch: 45.449432
afk: false
